%include values_wcdm.ini

[cosmological_parameters]
omega_b = 0.03    0.048   0.07
n_s = 0.87    0.97    1.07
a_s = 0.5e-09 2.19e-9 5.0e-09
omnuh2 = 0.0006  0.00083 0.00644
massive_nu = 3
massless_nu = 0.046
omega_k = 0.0
tau = 0.01 0.08 0.1